124
125
125
125
124
125
125
124
124
125
125
125
124
125
125
125
124
125
125
125
124
124
125
125
124
124
124
125
125
125
124
125
125
125
124
125
125
125
124
125
124
125
124
125
124
125
125
124
125
125
125
124
124
124
125
124
125
125
125
125
125
124
124
124
125
125
124
125
125
125
125
125
124
125
125
125
125
124
125
124
125
125
125
124
125
125
125
124
125
124
125
125
125
124
125
125
124
125
125
124
125
124
124
124
125
125
125
124
125
124
125
125
124
124
124
124
124
125
124
124
124
125
125
125
124
125
125
125
125
124
124
124
125
125
125
124
125
125
125
124
124
125
124
124
125
125
125
125
125
125
124
124
124
124
124
124
124
124
124
124
124
124
124
124
124
124
124
124
124
124
123
122
121
120
115
102
83
63
39
28
19
10
1
0
0
0
0
0
0
0
0
0
0
0
0
0
0
1
0
0
0
0
0
0
0
0
0
0
0
0
0
0
9
33
71
94
114
116
116
119
121
122
122
122
123
123
122
123
123
121
123
123
123
123
123
123
123
123
123
122
121
120
119
118
117
110
96
86
78
69
60
42
24
10
0
0
0
0
0
0
0
0
0
0
0
0
1
0
1
0
0
0
0
0
0
0
0
0
0
0
0
0
0
0
15
45
77
107
116
118
120
122
123
123
123
124
124
124
124
123
124
124
124
124
124
124
124
124
124
124
124
124
124
124
124
124
124
124
124
124
124
124
123
123
123
123
123
122
121
120
116
106
87
68
43
24
9
0
0
0
0
0
0
0
0
0
0
0
0
0
0
0
1
0
0
0
0
0
0
0
7
18
27
40
62
77
92
112
122
123
123
124
124
124
124
124
124
124
125
124
124
123
124
124
124
124
124
124
124
124
124
124
124
124
124
124
124
124
124
124
123
123
123
123
123
123
123
123
123
123
123
121
120
116
105
88
72
52
27
9
0
0
0
0
0
0
0
0
0
0
0
0
0
0
0
0
0
0
0
0
0
0
2
21
50
81
117
123
124
124
124
124
124
124
124
125
125
125
125
125
125
125
126
125
125
125
125
125
125
125
125
125
125
125
125
125
125
125
125
125
125
125
124
124
124
124
124
124
124
124
124
124
124
124
124
124
124
124
124
124
123
123
124
124
124
124
124
124
124
124
124
124
124
123
124
123
123
123
123
123
123
123
123
123
123
123
123
122
122
122
122
122
122
121
121
121
121
121
121
121
121
121
122
122
121
121
121
122
121
121
121
120
114
109
100
90
77
65
44
28
17
7
0
0
0
0
0
0
0
0
0
0
0
0
0
0
0
0
0
0
0
0
0
0
0
0
0
0
0
0
0
0
0
0
0
0
0
0
0
0
0
0
0
0
0
0
0
0
0
0
0
0
0
0
0
0
0
0
0
0
0
0
0
0
0
0
0
0
0
0
0
0
0
0
0
0
0
0
0
0
0
0
0
0
0
0
0
0
0
0
0
0
0
0
0
0
0
0
0
0
0
0
0
0
0
0
0
0
0
0
0
0
0
0
0
0
0
0
0
0
0
0
0
0
0
0
0
0
0
0
0
0
0
0
0
0
0
0
0
0
0
4
14
30
54
74
93
115
122
123
123
124
124
125
125
125
125
125
126
125
126
125
125
126
126
126
126
126
126
126
125
126
126
126
126
126
126
126
126
126
126
127
127
128
128
128
128
128
128
128
128
128
128
128
128
128
129
129
129
129
129
129
129
130
130
130
131
132
133
133
134
136
145
154
170
195
222
243
245
245
245
245
245
245
245
245
245
244
245
245
245
245
245
245
245
245
245
244
245
245
245
245
245
245
244
245
245
244
244
244
244
243
236
229
216
190
165
136
131
129
129
128
127
127
127
126
126
126
126
126
126
126
126
126
126
126
126
126
126
126
126
126
126
126
126
126
126
126
126
126
126
126
126
126
126
126
126
126
126
126
126
127
127
127
127
127
127
127
127
127
127
127
127
128
128
129
129
129
130
129
130
131
131
132
132
132
132
132
132
132
132
133
132
132
132
132
132
132
132
132
132
132
132
132
133
133
133
133
135
136
141
144
151
156
167
183
193
203
215
225
234
242
243
243
243
243
243
243
243
243
243
243
243
243
243
243
243
243
243
243
243
243
243
243
243
243
243
243
243
243
243
243
243
243
243
243
243
243
243
243
243
243
243
243
243
243
243
243
243
243
243
243
243
243
243
243
243
243
243
243
243
243
243
243
243
243
243
242
242
242
243
242
243
242
242
243
243
242
242
242
243
243
242
242
243
242
242
242
242
242
242
242
242
242
243
242
242
242
242
242
242
242
242
242
242
241
240
236
235
233
229
227
223
215
202
195
187
175
158
139
131
131
130
130
130
130
130
130
129
129
129
130
130
130
130
130
130
130
130
130
130
130
130
130
130
130
131
131
131
131
131
132
132
132
132
134
133
134
133
133
134
140
143
145
149
154
164
177
187
195
202
209
213
215
216
216
216
216
216
216
216
216
216
216
216
216
216
216
216
216
216
216
216
216
216
213
202
189
174
152
131
130
130
128
128
128
128
128
128
128
128
128
128
128
128
128
127
127
127
127
127
127
128
128
128
128
128
129
129
129
130
131
131
131
131
132
131
131
131
131
130
125
124
124
124
124
125
125
125
125
125
124
124
124
124
124
123
121
96
68
31
3
0
0
0
0
0
0
0
0
0
0
0
0
0
0
0
0
0
0
0
0
14
29
60
88
120
123
124
124
124
124
124
125
125
125
125
125
125
125
125
125
125
125
126
125
126
125
125
125
125
125
125
125
125
125
125
125
125
125
125
125
125
125
125
125
125
125
125
125
125
125
125
125
125
125
125
125
125
125
125
125
125
125
125
125
125
125
125
125
125
125
125
125
125
125
125
125
125
125
125
125
125
125
125
125
125
125
125
125
125
125
125
125
125
125
125
125
125
125
125
125
125
125
125
125
125
125
125
125
125
125
125
125
125
125
125
125
125
125
125
125
125
125
125
125
125
125
125
125
125
125
125
125
125
125
125
125
125
125
125
125
125
125
125
125
125
125
125
125
125
125
125
125
125
125
125
125
125
125
125
125
125
125
125
125
125
125
125
125
125
125
125
125
125
125
125
125
125
125
125
125
125
125
125
125
125
125
125
125
125
125
125
125
125
125
125
125
125
125
125
125
125
125
125
125
125
125
125
125
125
125
125
125
125
125
125
125
125
125
125
125
125
125
125
125
125
125
125
125
125
125
125
125
125
125
125
125
125
125
125
125
125
125
125
125
125
125
125
125
125
125
125
125
125
125
