121
121
121
121
121
121
121
121
121
122
121
122
121
121
121
121
121
121
121
121
121
121
122
121
121
121
121
121
121
121
121
121
121
121
121
121
121
121
121
121
121
121
121
121
121
121
121
121
121
121
121
121
121
121
121
121
121
121
121
121
121
121
121
121
121
121
121
121
121
121
121
121
121
121
121
121
121
121
121
121
121
121
121
121
121
121
121
121
121
121
121
121
121
121
121
121
121
121
121
121
121
121
121
121
121
121
121
121
121
121
121
121
121
121
121
121
121
121
121
121
121
121
121
121
121
121
121
121
121
121
121
121
121
121
121
121
121
121
121
121
121
121
121
121
121
121
121
121
121
121
121
121
121
121
121
121
121
121
121
121
121
121
121
121
121
121
121
122
122
122
122
122
122
122
123
125
125
125
124
125
125
125
125
126
128
126
124
123
123
123
123
123
123
122
122
123
122
123
122
122
122
122
122
123
122
122
122
122
122
124
127
129
132
135
136
136
132
129
127
125
124
123
123
122
123
122
122
122
122
122
122
122
122
122
122
122
122
122
122
122
122
122
122
122
123
123
123
123
124
123
123
123
123
123
123
123
123
123
123
123
122
122
122
122
122
122
123
122
123
122
122
122
122
122
122
122
122
122
122
122
122
122
122
123
124
133
137
138
131
128
125
124
123
123
122
122
122
122
122
122
122
122
122
122
122
122
122
122
122
122
122
122
122
122
122
122
122
122
122
122
122
122
120
122
122
122
122
122
122
122
122
122
122
122
122
122
122
121
121
121
121
121
121
121
121
121
121
121
121
121
121
121
121
121
121
121
121
121
121
121
121
121
121
121
121
122
123
123
123
123
122
122
122
122
122
122
122
122
123
122
122
122
122
122
122
122
122
122
122
122
122
122
122
122
122
122
122
122
122
122
122
122
122
122
122
122
122
122
122
122
122
122
122
118
115
111
107
105
103
101
100
99
99
99
99
99
98
99
98
98
98
98
98
98
98
98
98
98
98
98
100
102
103
104
108
110
116
121
121
121
121
121
121
121
121
121
121
121
121
121
121
121
122
121
121
121
121
121
121
121
121
121
121
121
121
121
121
121
121
121
121
121
121
121
121
121
121
121
121
121
121
121
121
121
121
121
121
121
121
121
121
121
121
121
121
121
121
121
121
121
121
121
121
121
121
121
121
121
121
121
121
121
121
121
121
121
121
121
121
121
121
121
121
121
121
121
121
121
121
121
121
121
122
121
121
121
121
122
122
122
122
122
122
122
122
123
121
122
121
121
121
121
121
121
121
119
118
117
116
115
114
113
113
111
111
110
110
109
109
109
109
109
109
109
110
109
109
110
109
109
110
110
110
110
110
110
110
110
110
110
110
110
110
110
110
110
110
110
110
110
110
110
110
110
110
110
110
110
110
110
110
110
110
111
111
111
111
111
111
111
111
111
111
111
111
111
111
111
111
111
111
111
111
111
111
111
111
111
111
112
112
112
112
112
112
112
112
112
112
112
112
112
112
112
112
112
112
112
112
112
112
112
112
112
112
112
112
112
112
112
112
112
112
112
112
112
112
112
112
112
112
112
112
112
112
112
112
112
112
112
112
112
112
113
113
113
114
117
120
120
121
121
121
121
121
121
121
121
121
121
122
121
121
121
121
121
121
121
121
121
121
121
121
121
121
121
121
121
121
121
121
121
121
121
122
121
122
121
121
121
121
121
121
121
121
121
121
121
121
121
121
121
122
122
122
123
123
123
123
123
123
123
124
125
131
143
155
166
169
169
170
170
170
169
170
169
169
169
169
169
169
169
169
169
169
169
169
169
169
169
170
169
170
170
170
170
170
170
171
172
171
171
172
170
165
165
158
132
122
122
122
122
122
122
122
121
122
121
121
121
121
121
121
121
121
121
121
121
121
121
121
121
121
121
121
121
121
121
121
121
121
121
121
121
121
121
121
121
121
121
121
121
121
121
121
121
121
121
121
121
122
121
121
121
121
122
122
122
123
123
123
123
123
123
123
123
123
123
123
123
123
124
123
123
123
123
123
123
123
123
123
123
124
123
124
124
124
126
127
129
134
136
138
141
146
150
158
162
165
168
172
175
175
176
175
175
175
175
175
175
176
175
176
175
175
175
175
175
175
175
175
175
175
175
175
175
175
175
175
175
175
175
175
175
175
175
175
175
175
175
175
175
175
175
175
175
175
175
175
175
175
175
176
176
175
175
175
175
176
175
175
175
176
176
176
176
176
176
176
176
176
176
176
176
176
176
176
176
176
176
176
176
177
176
177
177
177
177
177
177
177
177
177
177
176
177
177
177
177
177
177
177
177
177
177
177
177
176
176
175
174
172
172
172
171
170
166
162
151
134
123
122
122
122
122
122
122
122
122
122
122
122
122
122
122
122
122
122
122
122
122
122
122
122
123
123
123
123
123
123
123
123
123
123
123
124
124
124
124
126
128
134
138
139
143
152
165
173
181
188
195
202
206
210
212
211
212
212
212
212
212
212
212
212
212
212
212
212
212
212
212
212
212
212
211
203
200
188
171
149
123
122
122
122
122
121
121
121
121
121
121
121
121
121
121
120
120
120
120
120
120
120
121
120
120
120
120
120
120
120
120
120
120
120
120
122
121
121
121
121
121
121
121
121
121
121
121
121
122
121
121
121
121
121
121
121
121
121
120
120
113
103
98
98
98
98
98
98
98
98
98
98
98
96
98
98
98
98
98
98
98
100
101
103
104
107
118
120
121
121
121
121
121
122
122
122
121
121
121
121
121
121
121
121
122
121
122
121
121
121
121
121
122
121
122
122
122
121
121
121
122
122
122
122
121
122
121
122
122
121
121
122
121
121
121
121
121
121
121
121
121
121
121
121
121
121
121
121
121
121
121
121
121
121
121
121
121
121
121
121
121
121
121
121
121
121
121
121
121
121
121
121
121
121
121
121
121
121
121
121
121
121
121
121
121
121
121
121
121
121
121
121
121
121
121
121
121
121
121
121
121
121
121
121
121
121
121
121
121
121
121
121
121
121
121
121
121
121
121
121
121
121
121
121
121
121
121
121
121
121
121
121
121
121
121
121
121
121
121
121
121
121
121
121
121
121
121
121
121
121
121
121
121
121
121
121
121
121
121
121
121
121
121
121
121
121
121
121
121
121
121
121
121
121
121
121
121
121
121
121
121
121
121
121
121
121
121
121
121
121
121
121
121
121
121
121
121
121
121
121
121
121
121
121
121
121
121
121
121
121
121
121
121
121
121
121
121
121
121
121
121
121
121
121
121
121
121
121
121
121
121
121
121
121
121
121
